action_dim: 28.0
max_action: 1.0
max_reward: 20.053872461938894
min_action: -1.0
min_reward: -0.4671625922420217
state_dim: 39.0
vvv: 28
